 Iteration #          144
 
 proton HF levels
    i    l    2j          e        qe         v
 -----------------------------------------------
    1    0    1      -41.06310  34.95850   1.00000
    2    1    3      -20.69138  14.58678   1.00000
    3    1    1      -12.18609   6.08149   1.00000
    4    2    5       -0.02311   6.08149   0.00000
    5    0    1        8.02979  14.13439   0.00000
    6    2    3       11.48132  17.58591   0.00000
    7    3    7       15.56950  21.67410   0.00000
    8    1    3       19.66505  25.76965   0.00000
    9    1    1       23.33659  29.44119   0.00000
   10    3    5       26.78624  32.89084   0.00000
 
 neutron HF levels
    i    l    2j          e        qe         v
 -----------------------------------------------
    1    0    1      -40.84406  38.83738   1.00000
    2    1    3      -19.66392  17.65725   1.00000
    3    1    1      -11.00220   8.99553   1.00000
    4    2    5        0.17050   2.17717   0.57735
    5    2    3        7.69034   9.69701   0.00000
    6    0    1       12.29037  14.29704   0.00000
    7    3    7       15.97768  17.98435   0.00000
    8    3    5       19.38759  21.39426   0.03489
    9    1    3       22.69947  24.70614   0.00572
   10    1    1       27.26281  29.26948   0.00870
