 HF-BCS calculation summary
 Proton number:            8
 Neutron number:           10
 hbar_omega:    16.0000000000000     
 Model space used in calculation:            3           6           9
 Number of single-particle levels:           10
 Total energy:   -69.7681292649712     
 Pairing energy:   -1.14682924922610     
 
 Number of iterations:          144
 
 proton HF levels
    i    l    2j          e        qe         v
 -----------------------------------------------
    1    0    1      -41.06310  34.95850   1.00000
    2    1    3      -20.69138  14.58678   1.00000
    3    1    1      -12.18609   6.08149   1.00000
    4    2    5       -0.02311   6.08149   0.00000
    5    0    1        8.02979  14.13439   0.00000
    6    2    3       11.48132  17.58591   0.00000
    7    3    7       15.56950  21.67410   0.00000
    8    1    3       19.66505  25.76965   0.00000
    9    1    1       23.33659  29.44119   0.00000
   10    3    5       26.78624  32.89084   0.00000
 
 neutron HF levels
    i    l    2j          e        qe         v
 -----------------------------------------------
    1    0    1      -42.85072  40.84898   0.99997
    2    1    3      -21.67059  19.66409   1.00000
    3    1    1      -13.00887  11.21946   0.99515
    4    2    5       -1.83617   0.49577   0.57275
    5    0    1        5.68366   7.99762   0.13860
    6    2    3       10.28369  12.32500   0.03749
    7    3    7       13.97101  15.98482   0.01495
    8    1    3       17.38092  19.43490   0.03489
    9    1    1       20.69280  22.70096   0.00572
   10    3    5       25.25614  27.26694   0.00870
